8.755167807485811915e-01
5.545829629323330012e-01
4.791067442184627767e-01
3.131178553841392764e-01
3.372325727628067149e-02
9.437043545171253101e-02
5.314814281037371080e-01
8.162520916296410745e-01
5.132580642271870053e-01
7.584111943144344892e-02
5.409924777065135970e-01
3.112849145646031657e-01
8.509210450915077883e-01
8.358113244142891807e-01
7.098888840025951996e-02
4.251283468677751198e-01
5.150927407513483658e-01
5.364429330176337940e-01
5.091738502025779933e-01
2.370150387159111194e-01
9.736321819502963271e-01
1.742520811721326446e-01
5.127122015108209752e-01
3.787347138573028404e-01
4.012797830548253675e-01
6.662599855285625816e-01
8.722151789495641294e-01
8.695959968325835954e-01
4.710646122700143934e-01
7.424775076569136711e-01
6.679699382547880093e-01
5.286287618958107615e-02
1.872945668698000610e-02
6.165568265618212029e-01
2.346638764962748480e-01
9.843485301185468384e-01
2.118038597805351753e-01
8.317755369846284719e-01
2.533241664560773598e-01
4.317140317276702000e-02
5.937928889946645361e-01
8.845911715525960339e-01
7.847027590114959983e-01
9.798819483705338840e-01
4.804744762157562299e-01
1.787423820170345179e-01
3.414697664852472947e-01
4.191678877196793884e-01
7.965033360975177779e-01
2.995778858576410020e-01
1.571412185327294431e-01
8.746237528600563360e-01
4.713661159904906084e-01
3.107575881118608274e-01
3.487926568414326800e-01
6.858227326655638167e-01
3.229739018067117051e-01
1.217609844220713944e-01
3.157805481519927460e-01
1.486166611036993102e-01
4.474636938613677506e-01
3.834420015989772335e-01
7.126022464816389457e-01
5.467567853290000723e-02
8.289483452411097186e-01
8.910034200695281514e-01
4.452703910387397768e-01
6.741902991509411969e-01
8.294384656173390269e-01
8.322245191116024454e-01
6.107034328852189997e-02
7.004159730314559740e-01
9.476021423583060876e-01
4.542630696293409320e-01
6.073773114687714969e-01
3.977781658506547302e-01
5.924278709711494617e-01
9.485923258683268688e-01
9.974431793734594986e-02
4.247000984078507235e-01
4.469871746824835013e-01
5.443466736132296369e-01
5.842787188903452167e-01
7.895495137427643861e-02
1.788637429593162853e-01
6.474658506819431780e-01
6.491956065108821505e-01
1.431773223171913800e-01
2.330508002420910163e-01
4.765996599671527001e-01
2.277641813550719263e-01
5.719078965823157779e-01
9.983232979837360910e-01
5.485022827420739100e-01
5.952561428123184228e-01
3.531838417266954799e-01
5.199128045025757094e-01
6.095320780796321669e-01
8.138822630315101225e-01
6.068516386602181845e-01
